Transiciones disparadas: 
3
0
2
1
9
3
0
2
1
15
20
17
22
13
3
0
2
1
9
3
0
2
1
13
15
20
3
0
2
1
17
22
9
3
0
2
1
13
3
0
15
2
1
20
17
13
22
3
0
2
1
13
3
0
2
1
15
3
20
9
0
2
1
36
17
3
22
0
2
1
24
35
3
15
25
0
2
1
20
3
12
23
17
0
2
1
22
12
23
3
15
12
0
23
2
1
17
12
0
23
3
20
2
1
12
0
23
3
22
2
1
12
15
0
23
3
2
1
12
17
23
20
12
0
23
22
3
12
2
1
0
23
15
3
2
1
0
23
17
20
3
2
1
0
23
22
34
3
2
1
0
15
24
18
3
2
1
0
17
20
24
3
2
1
0
24
3
2
1
15
0
24
3
2
20
1
17
0
24
3
2
21
1
0
24
15
3
2
24
20
17
1
24
0
3
2
1
24
0
15
3
2
20
1
24
0
17
21
3
2
1
24
0
22
30
15
27
22
28
3
20
6
11
17
2
1
0
27
22
28
3
6
11
2
15
1
0
27
22
28
3
20
6
11
2
17
1
27
22
28
6
11
0
27
22
28
6
11
3
2
27
1
6
11
3
15
0
6
20
11
17
2
6
22
11
1
3
6
11
0
6
11
2
1
15
6
3
11
0
17
20
6
2
22
6
1
3
19
0
24
8
2
1
15
31
3
10
0
17
20
10
7
2
22
1
10
3
0
10
2
15
10
1
3
17
10
20
0
10
2
22
1
3
10
0
10
15
2
1
3
17
20
0
22
2
1
3
0
15
2
1
20
3
17
0
22
2
1
3
2
4
15
1
0
3
20
2
24
14
1
0
3
22
2
24
1
0
3
24
15
2
24
20
1
0
3
2
24
22
20
1
0
3
2
15
16
24
22
20
1
0
3
2
15
24
22
20
1
0
3
2
15
24
22
20
16
1
0
3
2
15
24
22
17
5
1
0
3
2
33
32
13
17
20
1
0
3
2
33
32
15
9
13
17
22
20
1
0
3
2
33
32
15
9
13
17
22
20
1
0
3
2
33
32
15
9
13
17
22
20
1
0
3
2
33
9
13
17
22
36
1
0
3
2
15
17
24
35
1
0
3
2
20
26
17
1
0
12
3
2
22
17
1
15
0
3
2
17
1
0
20
3
2
17
1
0
22
3
15
2
17
1
0
3
20
2
1
0
3
22
2
1
0
15
3
2
20
1
0
34
15
17
3
2
22
20
1
0
24
18
15
17
3
2
20
1
0
24
15
17
3
2
20
1
0
24
15
17
3
2
21
20
1
0
24
15
17
3
2
1
0
24
17
3
2
20
1
0
24
15
3
2
1
21
0
24
17
3
2
1
22
30
0
20
15
3
2
27
1
22
0
28
20
17
15
6
3
2
27
1
22
0
28
20
11
17
15
6
3
2
27
1
22
0
28
20
11
17
15
6
3
2
27
1
22
0
20
11
17
15
6
3
2
1
22
19
0
20
17
15
3
2
1
22
24
8
0
20
29
17
15
3
2
1
22
10
0
20
17
15
3
2
1
22
0
20
17
15
3
2
1
22
0
20
17
15
3
2
1
22
0
20
17
15
3
4
2
1
22
0
20
17
15
3
24
14
2
1
22
0
20
15
3
24
2
1
22
0
3
24
2
1
22
0
20
3
24
16
15
2
1
22
0
20
3
24
15
2
1
22
0
20
3
24
15
16
2
1
22
0
20
3
24
15
17
5
2
1
22
32
0
20
3
15
33
17
9
2
1
22
32
13
0
20
3
15
33
17
9
2
1
22
32
13
0
20
3
15
33
17
9
2
1
22
32
13
0
20
3
15
17
9
36
2
1
22
0
20
3
15
17
24
35
2
1
22
0
20
3
25
15
17
2
1
22
23
0
20
3
15
17
2
1
22
0
20
3
15
17
2
1
22
0
20
3
15
17
34
2
1
22
0
20
3
15
17
24
18
2
1
0
20
3
15
17
24
2
1
0
20
3
15
17
24
2
1
21
0
20
3
15
17
24
2
1
0
20
3
15
17
24
2
1
0
20
3
15
21
17
24
2
1
0
20
3
15
22
30
17
2
27
1
0
20
3
28
15
22
17
6
2
27
1
0
20
3
28
15
11
22
17
6
2
27
1
0
20
3
28
15
11
22
17
6
2
1
0
20
19
3
15
22
17
2
1
0
20
24
8
3
15
29
7
22
17
2
1
0
20
10
3
15
22
17
2
1
0
20
3
15
22
17
2
1
0
20
3
15
22
17
2
1
0
4
20
3
15
22
17
2
1
0
24
14
20
3
15
22
2
1
0
24
16
20
3
15
22
2
1
0
24
20
3
15
22
2
1
0
24
16
20
3
15
22
2
1
0
24
17
5
20
3
15
32
22
2
1
0
33
9
17
20
3
15
32
22
2
13
1
0
33
9
17
20
3
15
32
22
2
13
1
0
9
17
20
3
15
22
2
1
0
36
17
20
3
15
22
2
1
0
24
35
25
17
20
3
15
22
23
2
1
0
17
20
3
15
22
2
1
0
17
20
3
15
22
2
1
0
17
20
3
34
15
22
2
1
0
17
20
3
24
18
15
2
1
0
17
20
3
24
15
2
1
0
17
20
3
24
15
2
1
0
17
21
20
3
24
15
2
1
0
17
21
20
3
24
15
2
1
0
17
22
30
20
27
3
15
2
28
1
0
17
11
22
6
20
27
3
15
2
28
1
0
17
11
22
6
20
27
3
15
2
1
0
17
22
6
20
3
19
15
2
1
0
17
22
20
3
24
8
15
2
31
1
0
17
22
7
20
3
15
2
1
0
17
22
20
3
15
2
1
0
17
22
20
3
15
2
4
1
0
17
22
20
3
15
2
24
14
1
0
22
