Transiciones disparadas: 
3
2
1
0
13
3
2
1
0
20
15
9
22
17
3
2
1
0
13
3
2
1
0
13
20
15
22
17
3
2
1
0
9
3
2
1
0
9
20
15
22
17
3
2
1
0
13
3
2
1
0
9
20
15
3
22
2
17
1
0
9
3
2
1
0
36
20
35
3
15
2
22
1
17
0
12
23
3
12
23
2
1
12
23
0
20
12
15
23
3
22
2
12
17
23
1
0
12
23
3
2
12
23
1
20
2
0
15
1
3
22
17
23
2
0
1
3
12
20
15
2
0
22
1
23
3
17
2
0
1
23
3
2
0
1
23
20
3
34
2
15
0
1
22
3
24
18
2
17
0
1
3
24
2
0
1
20
3
24
2
15
0
1
3
24
2
17
0
1
3
24
2
0
1
20
3
24
2
21
15
0
1
3
24
2
17
0
1
3
24
2
0
20
1
3
24
15
2
0
1
3
24
17
2
0
1
21
3
24
2
20
0
1
22
30
15
3
6
2
11
0
1
22
17
27
3
28
6
2
11
0
1
22
20
27
3
28
6
15
2
11
0
1
22
27
3
28
6
17
2
11
0
1
22
27
20
3
28
6
2
11
0
15
1
22
27
3
28
6
2
11
0
17
1
27
3
20
6
2
11
0
15
1
3
22
6
19
2
0
17
1
3
24
8
2
20
0
29
7
1
15
3
10
2
22
0
7
1
17
3
10
2
20
0
7
1
3
15
10
2
22
0
7
1
3
17
10
2
0
7
20
1
3
10
15
2
0
7
22
1
3
10
17
2
0
1
20
3
10
4
2
15
0
1
22
3
24
14
2
0
1
20
3
24
2
15
0
1
22
3
24
2
0
1
20
22
3
24
16
2
0
15
1
3
24
2
0
1
20
3
24
2
0
15
1
22
3
24
2
16
0
15
1
20
3
24
2
17
5
0
15
1
20
22
9
3
33
2
17
0
32
15
1
13
20
22
9
3
33
2
17
0
32
15
1
13
20
22
9
3
33
2
17
0
32
15
1
13
20
22
9
3
33
2
17
0
32
15
1
13
20
22
9
3
2
17
0
15
1
20
22
36
3
2
17
0
15
1
20
22
24
35
3
2
26
17
0
15
1
23
20
22
3
2
17
12
0
15
1
23
20
22
3
2
17
0
15
1
23
20
22
3
2
17
0
15
1
23
20
22
3
2
17
0
15
1
23
20
22
3
34
2
17
0
15
1
20
22
3
24
18
2
17
0
15
1
20
3
24
2
17
0
15
1
20
3
24
2
17
0
15
21
1
20
3
24
2
17
0
15
1
20
3
24
2
17
0
15
1
20
3
21
24
2
17
0
15
1
20
3
22
30
2
17
0
28
15
1
20
3
22
27
2
17
0
28
15
11
1
20
3
22
27
2
6
17
0
28
15
11
1
20
3
22
27
2
6
17
0
15
11
1
20
3
22
2
6
19
17
0
15
1
20
3
22
2
24
8
17
0
15
29
1
20
3
22
2
10
17
0
15
1
20
3
22
2
17
0
15
1
20
3
22
2
17
0
15
1
20
3
22
2
17
4
0
15
1
20
3
22
2
17
24
14
0
15
1
20
3
22
2
24
0
15
1
20
3
22
2
24
0
15
16
1
20
3
22
2
24
0
15
1
20
3
22
2
24
0
15
1
16
20
3
22
2
24
0
15
1
17
5
20
3
22
2
0
33
15
32
1
17
20
13
3
22
2
0
9
33
15
32
1
17
20
13
3
22
2
0
9
33
15
32
1
17
20
13
3
22
2
0
9
15
36
1
17
20
3
22
2
0
15
24
35
1
17
20
3
22
2
25
0
23
15
1
17
20
3
22
2
0
15
1
17
20
3
22
2
0
15
1
17
20
3
22
2
0
34
15
1
17
20
3
22
2
0
24
18
15
1
17
20
3
2
0
24
21
15
1
17
20
3
2
0
24
15
1
17
20
3
2
0
24
21
15
1
17
20
3
2
0
24
22
30
15
1
17
28
20
11
3
2
0
27
22
15
6
1
17
28
20
11
3
2
0
27
22
15
6
1
17
28
20
11
3
2
0
22
15
1
17
20
19
3
2
0
22
15
1
17
20
24
8
31
3
2
0
22
7
15
1
17
20
3
2
0
22
15
1
17
20
3
2
0
22
15
1
17
20
3
2
0
4
22
15
1
17
20
3
2
0
24
14
22
15
1
20
3
2
0
24
16
22
15
1
20
3
2
0
24
16
22
15
1
20
3
2
0
24
17
5
22
15
1
32
20
3
2
0
9
17
33
22
15
1
32
20
13
3
2
0
9
17
33
22
15
1
20
13
3
2
0
17
36
22
15
1
20
3
2
0
17
24
35
22
26
15
1
20
3
2
0
17
12
22
15
1
20
3
2
0
17
22
15
1
20
3
2
0
17
34
22
15
1
20
3
2
0
17
24
18
15
1
20
3
2
0
17
24
21
15
1
20
3
2
0
17
24
21
15
1
20
3
2
0
17
24
22
30
15
1
27
20
3
2
0
6
28
17
11
22
15
1
27
20
3
2
0
6
28
17
11
22
15
1
20
3
2
0
17
19
22
15
1
20
3
2
0
17
24
8
22
31
15
1
20
3
7
2
0
17
22
15
1
20
3
